schoolid classid childid sex mathkind mathgain ses housepov yearstea
1 160 1 1 448 32 0.46 0.082 1
1 160 2 0 460 109 -0.27 0.082 1
1 160 3 1 511 56 -0.03 0.082 1
1 217 4 0 449 83 -0.38 0.082 2
1 217 5 0 425 53 -0.03 0.082 2
1 217 6 1 450 65 0.76 0.082 2
1 217 7 0 452 51 -0.03 0.082 2
1 217 8 0 443 66 0.2 0.082 2
1 217 9 1 422 88 0.64 0.082 2
1 217 10 0 480 -7 0.13 0.082 2
1 217 11 0 502 60 0.83 0.082 2
2 197 12 1 502 -2 0.06 0.082 1
2 197 13 0 430 101 0.3 0.082 1
2 211 14 0 526 30 -0.27 0.082 2
2 211 15 0 504 65 0.74 0.082 2
2 211 16 1 527 29 0.31 0.082 2
2 211 17 1 462 152 1.1 0.082 2
2 307 18 0 483 50 0.52 0.082 12.54
2 307 19 1 516 60 -1.15 0.082 12.54
2 307 20 0 476 74 0 0.082 12.54
2 307 21 0 453 91 0.39 0.082 12.54
3 11 22 0 494 68 -0.06 0.086 20
3 11 23 0 416 94 -0.26 0.086 20
3 11 24 0 456 120 0.64 0.086 20
3 11 25 1 445 58 -0.37 0.086 20
3 137 26 0 446 123 0.54 0.086 5
3 137 27 1 479 88 2.21 0.086 5
3 145 28 0 474 60 -0.43 0.086 19
3 145 29 0 453 152 0.41 0.086 19
3 145 30 0 494 96 0.06 0.086 19
3 145 31 1 529 57 -0.09 0.086 19
3 145 32 0 461 115 1.58 0.086 19
3 228 33 0 482 58 0.12 0.086 8
3 228 34 0 475 51 -0.35 0.086 8
3 228 35 0 464 104 0.9 0.086 8
4 48 36 1 496 65 -1.03 0.365 27
4 48 37 1 443 64 -0.8 0.365 27
4 48 38 0 455 59 1.04 0.365 27
4 48 39 0 447 70 -0.3 0.365 27
4 179 40 1 501 63 0.9 0.365 12
4 179 41 0 434 -110 -0.37 0.365 12
5 299 42 1 462 73 -0.03 0.511 3
5 299 43 0 444 100 -0.03 0.511 3
5 299 44 1 472 -9 -1.39 0.511 3
5 299 45 1 450 67 -1.25 0.511 3
5 299 46 0 463 58 -0.28 0.511 3
5 299 47 1 381 72 0.41 0.511 3
6 254 48 1 447 88 0.01 0.044 1
6 254 49 0 504 115 -0.31 0.044 1
6 286 50 0 483 62 -1.43 0.044 24
6 286 51 1 459 42 -0.73 0.044 24
6 286 52 0 472 88 1.31 0.044 24
6 286 53 1 475 71 0.09 0.044 24
6 286 54 0 468 74 0.35 0.044 24
6 286 55 0 467 67 -0.02 0.044 24
6 291 56 1 418 74 0.79 0.044 19
6 291 57 1 415 87 -0.69 0.044 19
6 291 58 0 444 83 -0.44 0.044 19
6 291 59 0 433 93 0.29 0.044 19
7 89 60 0 427 56 -1.3 0.148 13
7 89 61 1 428 40 -0.32 0.148 13
7 89 62 1 429 69 0.57 0.148 13
7 107 63 1 497 75 -0.03 0.148 7
7 107 64 1 422 57 0.94 0.148 7
7 107 65 1 487 23 -1.02 0.148 7
7 107 66 0 435 53 -0.88 0.148 7
7 162 67 1 411 114 -0.78 0.148 8
7 162 68 1 396 56 -0.98 0.148 8
7 280 69 0 462 55 1.41 0.148 13
7 280 70 1 463 28 -0.35 0.148 13
7 280 71 0 444 61 -1.15 0.148 13
7 280 72 1 451 59 -0.46 0.148 13
7 280 73 1 437 57 -0.21 0.148 13
8 147 74 0 484 85 0.62 0.085 6
8 147 75 0 488 28 0.18 0.085 6
8 147 76 1 475 166 -0.14 0.085 6
8 147 77 0 544 61 1.11 0.085 6
8 147 78 1 467 47 -0.79 0.085 6
8 265 79 1 509 62 0.86 0.085 6
8 265 80 1 489 35 -0.11 0.085 6
8 265 81 1 448 52 0.15 0.085 6
8 265 82 0 516 70 0.28 0.085 6
8 279 83 0 489 11 -1.37 0.085 22
8 279 84 0 519 37 1.34 0.085 22
8 279 85 0 517 36 -0.16 0.085 22
8 279 86 1 552 13 0.69 0.085 22
8 279 87 0 475 6 0.2 0.085 22
8 279 88 1 535 21 0.39 0.085 22
8 279 89 1 472 26 1.34 0.085 22
9 17 90 1 497 22 -0.11 0.537 23
9 17 91 0 542 26 -0.03 0.537 23
9 17 92 0 422 74 1 0.537 23
9 58 93 1 482 41 -0.03 0.537 23
9 283 94 0 459 13 0 0.537 24
9 283 95 1 450 33 -1.45 0.537 24
10 178 96 0 376 102 -0.3 0.346 15
10 178 97 1 460 72 -0.38 0.346 15
10 208 98 1 473 44 -0.82 0.346 21
10 208 99 0 428 78 -0.97 0.346 21
10 208 100 0 437 48 -0.94 0.346 21
10 208 101 0 436 90 -1.27 0.346 21
10 278 102 1 449 78 -1.09 0.346 1
10 278 103 0 477 107 0.19 0.346 1
10 278 104 1 477 67 -0.1 0.346 1
10 278 105 1 410 75 -0.21 0.346 1
10 278 106 0 439 69 0.15 0.346 1
10 278 107 0 463 51 1.7 0.346 1
10 278 108 1 456 70 -0.58 0.346 1
10 278 109 0 433 103 -1 0.346 1
10 303 110 0 433 90 -0.45 0.346 24
10 303 111 0 427 85 -0.37 0.346 24
10 303 112 1 444 55 -1.21 0.346 24
10 303 113 1 426 65 -1.45 0.346 24
11 86 114 1 526 44 0.83 0.101 6
11 86 115 0 494 66 1.42 0.101 6
11 86 116 0 494 58 2.15 0.101 6
11 86 117 1 479 90 0.56 0.101 6
11 86 118 1 538 35 -0.66 0.101 6
11 113 119 1 484 84 0.9 0.101 4
11 113 120 0 576 8 -0.07 0.101 4
11 113 121 1 485 58 0.4 0.101 4
11 131 122 0 535 22 1.31 0.101 24
11 131 123 1 467 77 -0.27 0.101 24
11 172 124 0 505 25 -0.01 0.101 3
11 172 125 1 480 22 0.27 0.101 3
11 172 126 1 629 -35 0.07 0.101 3
11 172 127 1 488 38 0.94 0.101 3
11 195 128 1 509 28 0.63 0.101 3
11 195 129 1 493 77 0.41 0.101 3
11 195 130 0 470 69 -0.32 0.101 3
11 195 131 0 529 62 2.06 0.101 3
11 201 132 1 468 38 -0.02 0.101 1
11 201 133 1 514 18 0.03 0.101 1
11 201 134 1 465 67 0.21 0.101 1
11 201 135 1 511 20 1.06 0.101 1
11 201 136 0 461 42 -1.17 0.101 1
11 233 137 0 496 54 0.71 0.101 27
11 285 138 1 499 111 0.61 0.101 2
11 285 139 1 454 68 -0.34 0.101 2
11 285 140 1 527 38 0.1 0.101 2
11 293 141 1 516 51 0.8 0.101 4
11 293 142 0 434 94 -0.77 0.101 4
11 293 143 1 499 39 1.32 0.101 4
11 293 144 0 469 96 0.03 0.101 4
12 20 145 0 424 36 -0.03 0.106 6
12 20 146 0 485 58 -0.03 0.106 6
12 20 147 1 463 53 0.59 0.106 6
12 49 148 0 427 63 0.45 0.106 5
12 49 149 0 401 74 -0.22 0.106 5
12 49 150 1 486 23 0.61 0.106 5
12 49 151 1 522 12 -0.03 0.106 5
12 49 152 0 450 53 -0.03 0.106 5
12 49 153 0 408 104 -0.03 0.106 5
12 81 154 0 493 27 1.12 0.106 2
12 81 155 1 417 46 -0.03 0.106 2
12 81 156 0 428 95 -0.03 0.106 2
12 81 157 1 453 50 -0.6 0.106 2
12 81 158 1 435 84 -0.03 0.106 2
12 81 159 1 450 40 -0.6 0.106 2
12 81 160 1 464 59 -0.03 0.106 2
12 81 161 1 433 91 -0.42 0.106 2
12 251 162 0 429 111 0.73 0.106 16
12 251 163 1 497 41 0.88 0.106 16
12 251 164 0 430 18 0.26 0.106 16
12 302 165 1 535 28 0.07 0.106 25
12 302 166 0 535 5 0.18 0.106 25
12 302 167 1 508 67 1.64 0.106 25
12 302 168 0 459 59 -0.03 0.106 25
12 302 169 0 474 45 0.73 0.106 25
12 302 170 0 491 47 -0.03 0.106 25
12 302 171 1 491 26 1.32 0.106 25
13 64 172 0 433 52 0.86 0.055 20
13 64 173 1 462 32 0.58 0.055 20
13 64 174 1 462 44 -0.76 0.055 20
13 64 175 1 506 41 -0.24 0.055 20
13 64 176 0 477 98 0.01 0.055 20
13 166 177 1 466 59 0.29 0.055 1
13 166 178 0 529 -11 0.08 0.055 1
13 166 179 1 499 35 -0.19 0.055 1
13 166 180 0 481 79 0.31 0.055 1
14 41 181 0 470 26 -0.37 0.157 17
14 41 182 0 519 -11 -0.14 0.157 17
14 41 183 1 441 23 0.05 0.157 17
14 41 184 0 436 88 0.29 0.157 17
14 41 185 1 431 52 -1.12 0.157 17
14 141 186 0 515 13 0.24 0.157 24
14 141 187 0 467 32 -0.42 0.157 24
14 141 188 1 455 19 -0.3 0.157 24
14 141 189 1 415 62 -0.2 0.157 24
14 141 190 0 477 69 0.09 0.157 24
14 167 191 0 490 71 0.01 0.157 22
14 167 192 0 521 25 0.06 0.157 22
14 167 193 0 437 90 0.03 0.157 22
14 167 194 0 526 41 -0.39 0.157 22
14 167 195 1 434 65 0.34 0.157 22
15 5 196 0 342 182 -0.24 0.121 14
15 85 197 1 404 79 0.73 0.121 24
15 85 198 1 457 36 0.07 0.121 24
15 85 199 1 457 47 -0.37 0.121 24
15 85 200 1 397 103 -0.35 0.121 24
15 85 201 0 422 91 -0.29 0.121 24
15 85 202 0 424 113 -0.91 0.121 24
15 85 203 0 439 98 0.23 0.121 24
15 92 204 1 449 94 -0.48 0.121 30
15 119 205 0 506 39 0.97 0.121 12
15 260 206 0 533 33 -0.97 0.121 5
15 260 207 1 446 38 -1.01 0.121 5
15 260 208 0 521 22 -0.76 0.121 5
16 206 209 0 412 118 1.46 0.113 12
16 206 210 1 474 83 0.68 0.113 12
16 206 211 1 447 78 0.05 0.113 12
16 206 212 0 441 74 -1.52 0.113 12
16 206 213 1 411 90 -0.02 0.113 12
16 256 214 1 390 108 -0.44 0.113 12
17 7 215 0 429 51 -1.03 0.261 21
17 10 216 1 381 143 -0.49 0.261 5
17 10 217 0 419 69 -1.35 0.261 5
17 87 218 0 441 54 -0.49 0.261 19
17 177 219 0 379 129 -0.51 0.261 21
17 177 220 1 434 65 1.04 0.261 21
17 177 221 0 416 57 -0.72 0.261 21
17 216 222 0 403 49 -0.69 0.261 8
17 216 223 0 457 62 -0.93 0.261 8
18 31 224 0 419 71 -0.61 0.272 23
18 31 225 1 409 75 0.57 0.272 23
18 31 226 0 290 164 -0.14 0.272 23
18 31 227 1 440 49 -0.03 0.272 23
19 98 228 0 431 80 -0.18 0.058 1
19 98 229 0 437 37 -0.85 0.058 1
19 98 230 0 477 45 -0.13 0.058 1
19 98 231 0 416 56 1.56 0.058 1
19 98 232 1 455 50 -0.16 0.058 1
19 110 233 1 470 24 -0.36 0.058 30
19 110 234 0 456 101 -0.15 0.058 30
19 110 235 1 422 31 -0.61 0.058 30
19 110 236 1 484 51 1.22 0.058 30
19 170 237 1 463 57 0.29 0.058 2
19 170 238 1 398 79 -0.66 0.058 2
20 30 239 1 445 72 -0.8 0.532 19
20 30 240 1 484 29 -0.58 0.532 19
20 30 241 1 393 47 -0.51 0.532 19
20 30 242 1 447 68 -1.01 0.532 19
20 94 243 0 429 67 -0.47 0.532 5
20 94 244 0 453 41 -0.64 0.532 5
20 94 245 1 508 63 -0.24 0.532 5
20 94 246 1 462 97 0.61 0.532 5
20 94 247 0 435 67 -0.63 0.532 5
20 94 248 0 485 43 -0.4 0.532 5
20 101 249 0 484 68 -0.98 0.532 6
20 101 250 1 417 79 -1.16 0.532 6
21 6 251 0 431 36 -0.32 0.187 8
21 6 252 0 454 23 -0.03 0.187 8
21 6 253 0 452 34 0.28 0.187 8
21 6 254 1 448 44 0.31 0.187 8
21 6 255 1 405 60 0.33 0.187 8
21 130 256 0 460 86 0.2 0.187 14
21 130 257 0 435 24 -0.44 0.187 14
21 130 258 0 461 73 0.68 0.187 14
21 130 259 0 434 75 0.1 0.187 14
21 158 260 0 494 46 0.25 0.187 12
21 158 261 0 443 87 0.51 0.187 12
21 158 262 0 524 49 0.08 0.187 12
21 158 263 0 437 67 0.53 0.187 12
21 158 264 0 392 91 -0.8 0.187 12
21 158 265 0 457 28 -0.16 0.187 12
21 158 266 1 431 102 -1.1 0.187 12
21 158 267 1 494 39 0.37 0.187 12
22 159 268 0 433 46 -1.44 0.438 0
22 159 269 1 449 48 0.47 0.438 0
22 159 270 1 447 39 0.31 0.438 0
22 159 271 1 462 25 -0.3 0.438 0
23 43 272 0 459 82 -0.89 0.282 14
23 43 273 1 495 34 0.59 0.282 14
23 43 274 0 483 43 -0.78 0.282 14
23 47 275 1 462 117 -0.81 0.282 3
23 163 276 0 447 74 -0.75 0.282 21
24 55 277 1 497 30 -0.33 0.263 27
24 55 278 1 494 -2 0.19 0.263 27
24 55 279 1 427 65 0.68 0.263 27
24 55 280 1 447 30 -0.17 0.263 27
24 55 281 1 477 0 -0.87 0.263 27
24 77 282 0 539 -16 1.57 0.263 31
24 93 283 1 431 106 -0.34 0.263 5
24 150 284 1 496 88 0.21 0.263 9
25 97 285 1 443 38 -0.03 0.309 15
25 97 286 1 469 27 0.03 0.309 15
25 297 287 1 374 59 -0.4 0.309 6
25 297 288 1 513 -6 -0.76 0.309 6
25 297 289 1 450 34 -0.03 0.309 6
25 297 290 0 447 7 0.53 0.309 6
25 297 291 0 450 39 -0.64 0.309 6
26 78 292 0 439 97 0.67 0.564 4
26 78 293 0 480 56 -0.03 0.564 4
26 78 294 1 497 56 -1.37 0.564 4
26 78 295 1 482 43 -0.25 0.564 4
26 78 296 0 409 71 0.35 0.564 4
26 78 297 1 466 42 -0.53 0.564 4
26 78 298 0 439 88 -0.32 0.564 4
26 78 299 0 430 86 1.04 0.564 4
26 102 300 1 470 41 0.4 0.564 13
26 102 301 0 476 43 -0.03 0.564 13
26 102 302 0 481 78 -1.35 0.564 13
26 139 303 0 443 65 -0.03 0.564 0
26 139 304 1 415 -2 -0.03 0.564 0
26 139 305 1 503 41 0.54 0.564 0
26 139 306 0 468 64 0.21 0.564 0
27 104 307 0 515 30 1.02 0.05 9
27 104 308 0 505 48 1.14 0.05 9
27 104 309 0 440 44 0.51 0.05 9
27 104 310 0 454 25 -0.63 0.05 9
27 104 311 0 520 69 0.36 0.05 9
27 104 312 1 542 138 2.27 0.05 9
27 190 313 1 498 81 0.52 0.05 6
27 190 314 1 495 41 -0.39 0.05 6
27 190 315 0 491 54 -0.18 0.05 6
27 190 316 1 499 88 -0.38 0.05 6
27 190 317 1 450 56 -0.2 0.05 6
27 190 318 0 471 82 -0.06 0.05 6
27 190 319 1 497 78 0.45 0.05 6
27 190 320 0 568 19 1.28 0.05 6
27 230 321 0 509 24 0.63 0.05 12
27 230 322 1 544 3 0.02 0.05 12
27 262 323 0 536 42 -0.01 0.05 3
27 262 324 0 510 67 0.29 0.05 3
27 262 325 1 408 76 0.8 0.05 3
27 262 326 0 471 54 0.05 0.05 3
27 262 327 1 513 113 2.18 0.05 3
28 114 328 0 544 -5 0.4 0.214 26
28 114 329 1 464 33 -1.45 0.214 26
28 114 330 1 467 47 -1.1 0.214 26
28 114 331 0 397 50 0 0.214 26
28 118 332 0 414 71 0.36 0.214 5
28 202 333 0 511 11 -0.95 0.214 27
28 202 334 0 524 2 0.22 0.214 27
28 202 335 1 454 10 -0.67 0.214 27
28 203 336 1 478 49 0.22 0.214 15
28 203 337 1 290 197 -0.46 0.214 15
29 115 338 1 493 39 0.45 0.102 19
29 115 339 1 483 89 -0.06 0.102 19
29 115 340 0 490 56 -0.72 0.102 19
29 115 341 1 489 34 -0.85 0.102 19
29 223 342 1 505 17 -0.05 0.102 10
29 223 343 0 452 87 1.04 0.102 10
29 223 344 1 536 -7 -0.35 0.102 10
29 223 345 1 537 42 -0.72 0.102 10
30 175 346 0 475 13 0.83 0.085 2
30 175 347 1 451 29 -0.1 0.085 2
30 175 348 0 401 41 -0.37 0.085 2
31 51 349 1 497 -2 -0.05 0.012 14
31 51 350 0 406 64 -0.35 0.012 14
31 51 351 0 460 41 -0.05 0.012 14
31 51 352 1 432 18 -0.48 0.012 14
31 51 353 1 414 61 -0.78 0.012 14
31 51 354 0 370 91 -0.8 0.012 14
31 156 355 0 405 94 -0.25 0.012 8
31 156 356 0 454 31 0.02 0.012 8
31 156 357 0 454 55 0.25 0.012 8
31 156 358 1 471 14 -0.72 0.012 8
31 156 359 1 463 43 -0.23 0.012 8
31 156 360 1 448 70 1.06 0.012 8
31 234 361 0 480 76 -0.88 0.012 12
31 234 362 1 467 25 -0.12 0.012 12
31 234 363 1 495 45 -0.38 0.012 12
31 234 364 1 451 44 1.34 0.012 12
31 234 365 1 370 163 -0.96 0.012 12
31 234 366 1 435 97 0.01 0.012 12
31 234 367 1 410 84 -0.03 0.012 12
31 258 368 1 451 -20 0.39 0.012 20
31 258 369 1 487 13 -0.42 0.012 20
31 258 370 0 453 7 -0.53 0.012 20
32 191 371 0 470 100 0.01 0.261 9
32 204 372 1 488 61 0.6 0.261 18
32 204 373 1 561 3 1.06 0.261 18
32 252 374 1 452 92 0.49 0.261 24
32 252 375 0 516 32 -0.5 0.261 24
32 252 376 1 470 68 0.54 0.261 24
32 252 377 1 515 56 -0.36 0.261 24
32 252 378 0 492 74 -0.74 0.261 24
32 252 379 1 529 -12 -0.03 0.261 24
33 26 380 1 398 65 -0.12 0.047 19
33 26 381 1 453 49 -0.72 0.047 19
33 26 382 1 523 47 -0.29 0.047 19
33 26 383 1 440 94 -0.03 0.047 19
33 26 384 0 419 102 0.01 0.047 19
33 26 385 0 395 103 -0.09 0.047 19
33 26 386 0 483 32 -1.17 0.047 19
33 26 387 1 439 100 0.6 0.047 19
33 26 388 1 498 53 1.32 0.047 19
33 26 389 1 478 96 0.99 0.047 19
33 32 390 0 508 -20 -0.4 0.047 1
33 32 391 1 496 29 1.17 0.047 1
33 32 392 0 448 101 -0.31 0.047 1
33 32 393 1 483 12 -0.03 0.047 1
33 88 394 0 476 27 0.2 0.047 2
33 88 395 1 485 16 0.08 0.047 2
33 100 396 1 443 39 -1.32 0.047 19
33 229 397 0 423 62 -0.4 0.047 3
33 229 398 0 380 118 -0.01 0.047 3
33 229 399 1 395 137 0.06 0.047 3
33 229 400 0 454 58 2.17 0.047 3
33 229 401 0 393 57 0.55 0.047 3
34 2 402 0 453 60 -0.41 0.303 2
34 2 403 0 472 52 -1.61 0.303 2
34 2 404 1 437 85 0.55 0.303 2
34 188 405 1 475 56 0.04 0.303 7
34 188 406 0 412 41 -1.43 0.303 7
34 188 407 1 423 73 -1.43 0.303 7
34 188 408 0 439 -12 -0.83 0.303 7
35 56 409 1 422 44 -0.97 0.13 3
35 56 410 1 507 10 -0.49 0.13 3
35 56 411 0 483 -7 -0.62 0.13 3
35 56 412 1 499 48 -1.01 0.13 3
35 56 413 1 478 55 0.39 0.13 3
35 122 414 0 456 53 -0.31 0.13 10
35 122 415 0 494 8 -0.85 0.13 10
35 122 416 1 480 54 -0.52 0.13 10
35 122 417 0 551 7 -0.27 0.13 10
35 122 418 0 446 26 -1.13 0.13 10
35 122 419 0 476 34 -0.17 0.13 10
36 63 420 1 500 31 -0.18 0.088 1
36 63 421 1 500 80 -0.16 0.088 1
36 180 422 1 446 77 0.54 0.088 14
36 180 423 0 445 60 1.07 0.088 14
36 180 424 1 436 88 -0.84 0.088 14
36 180 425 1 504 76 -0.5 0.088 14
36 180 426 0 420 88 -0.35 0.088 14
36 180 427 1 495 76 -0.27 0.088 14
37 103 428 1 448 37 -0.02 0.249 9
37 103 429 1 465 5 -0.44 0.249 9
37 103 430 1 473 18 -0.48 0.249 9
37 125 431 0 350 136 -0.35 0.249 28
37 125 432 1 429 65 0.5 0.249 28
37 125 433 0 450 53 -0.51 0.249 28
37 125 434 0 440 48 0.11 0.249 28
37 210 435 1 407 74 -1.02 0.249 1
37 210 436 1 438 80 0.21 0.249 1
37 210 437 1 434 6 -0.28 0.249 1
37 249 438 0 452 39 0.4 0.249 5
38 16 439 1 477 10 0.26 0.17 2
38 16 440 0 502 61 0.37 0.17 2
38 16 441 0 470 32 -0.37 0.17 2
38 16 442 0 475 77 -0.38 0.17 2
38 16 443 1 437 57 1.34 0.17 2
38 16 444 0 359 99 0.28 0.17 2
38 309 445 0 441 9 1.26 0.17 14
38 309 446 0 436 51 0.07 0.17 14
38 309 447 0 494 34 -0.9 0.17 14
39 79 448 0 544 -34 -0.66 0.123 2
39 79 449 0 483 28 -0.6 0.123 2
39 79 450 1 516 74 -0.62 0.123 2
39 79 451 0 545 -22 -0.17 0.123 2
39 79 452 0 451 45 -0.39 0.123 2
39 198 453 1 471 21 -0.86 0.123 2
39 198 454 1 511 0 -0.82 0.123 2
39 274 455 1 490 48 -1.12 0.123 20
39 288 456 1 592 -11 -0.29 0.123 7
39 288 457 0 424 85 0.16 0.123 7
39 288 458 0 566 52 -0.5 0.123 7
39 288 459 0 450 41 -0.61 0.123 7
40 9 460 0 475 16 -0.36 0.279 1
40 9 461 1 526 8 -0.52 0.279 1
40 9 462 0 448 -51 -0.72 0.279 1
40 257 463 0 467 87 -0.57 0.279 6
40 257 464 0 525 64 -0.62 0.279 6
40 257 465 0 491 24 -0.22 0.279 6
40 257 466 1 464 85 -0.27 0.279 6
41 18 467 0 446 65 1.2 0.036 28
41 50 468 0 431 91 -0.41 0.036 29
41 50 469 0 450 58 0.25 0.036 29
41 50 470 1 474 77 0.69 0.036 29
41 50 471 0 543 0 0.17 0.036 29
41 142 472 0 473 88 -0.38 0.036 11
41 142 473 0 452 70 -0.48 0.036 11
41 142 474 0 498 103 -0.39 0.036 11
41 142 475 1 472 67 -1.11 0.036 11
42 54 476 1 459 76 -0.03 0.157 0
42 54 477 0 523 33 0.41 0.157 0
42 54 478 1 506 48 -0.65 0.157 0
42 54 479 1 481 59 0.3 0.157 0
42 70 480 1 463 50 0.63 0.157 20
42 207 481 1 484 77 -0.94 0.157 6
42 207 482 1 430 33 -0.93 0.157 6
42 207 483 1 463 40 -1.02 0.157 6
42 207 484 1 475 55 0.05 0.157 6
42 207 485 0 483 47 -1.24 0.157 6
42 207 486 1 424 62 -0.92 0.157 6
42 296 487 0 461 74 0.43 0.157 14
42 296 488 1 468 39 -0.2 0.157 14
42 296 489 1 415 99 0 0.157 14
42 296 490 1 432 59 0.1 0.157 14
42 296 491 0 499 54 -0.14 0.157 14
42 296 492 0 453 91 -0.33 0.157 14
42 296 493 0 508 67 1.66 0.157 14
43 220 494 1 470 25 0.49 0.179 2
43 220 495 0 471 70 0.26 0.179 2
43 227 496 1 517 37 -0.82 0.179 1
43 227 497 1 422 90 -1.35 0.179 1
44 176 498 0 482 65 0.97 0.347 20
44 176 499 1 414 86 -0.04 0.347 20
44 176 500 1 435 79 -0.03 0.347 20
44 176 501 1 465 71 0.43 0.347 20
44 219 502 1 499 36 0.68 0.347 4
44 219 503 0 423 98 -0.32 0.347 4
44 219 504 1 448 68 -0.03 0.347 4
44 219 505 0 483 34 -1.11 0.347 4
44 246 506 0 443 126 -0.3 0.347 21
44 246 507 1 523 25 0.54 0.347 21
44 246 508 1 417 70 -0.7 0.347 21
44 246 509 0 432 115 -0.03 0.347 21
44 268 510 0 547 -3 0.54 0.347 11
44 268 511 1 477 80 1.21 0.347 11
44 268 512 0 420 97 -0.03 0.347 11
44 268 513 0 509 67 0.83 0.347 11
44 268 514 1 494 59 -0.47 0.347 11
45 300 515 1 503 8 -0.04 0.164 25
45 300 516 0 461 87 0.29 0.164 25
45 300 517 0 469 71 -1.28 0.164 25
45 300 518 0 482 90 -0.96 0.164 25
45 300 519 1 459 77 -0.67 0.164 25
46 19 520 0 381 97 -0.16 0.238 10
46 19 521 0 464 62 -0.74 0.238 10
46 69 522 0 484 39 1.09 0.238 11
46 69 523 0 470 28 0.51 0.238 11
46 69 524 1 502 47 -0.08 0.238 11
46 71 525 1 441 72 -0.36 0.238 22
46 71 526 0 459 85 0.83 0.238 22
46 133 527 0 420 81 -0.57 0.238 2
46 133 528 1 474 34 -0.12 0.238 2
46 133 529 1 461 36 0.35 0.238 2
46 240 530 0 481 16 0.07 0.238 18
46 240 531 1 438 34 -0.83 0.238 18
46 240 532 1 469 71 -0.58 0.238 18
47 61 533 0 413 88 -0.74 0.257 2
47 61 534 1 462 14 -0.81 0.257 2
47 82 535 0 488 91 0.5 0.257 25
47 82 536 0 400 57 0.07 0.257 25
47 82 537 0 442 7 -0.04 0.257 25
47 82 538 0 485 54 0.05 0.257 25
47 82 539 0 290 253 -0.4 0.257 25
47 155 540 0 438 70 -0.11 0.257 2
47 155 541 1 446 52 -0.22 0.257 2
47 155 542 1 501 52 1.11 0.257 2
48 153 543 0 421 68 -0.03 0.159 5
48 153 544 1 418 40 -0.43 0.159 5
48 153 545 1 430 25 -0.56 0.159 5
48 153 546 1 464 61 1.91 0.159 5
48 153 547 0 458 36 1.32 0.159 5
48 153 548 1 391 64 -1.35 0.159 5
49 105 549 1 430 80 -0.5 0.142 20
49 105 550 0 409 144 0.26 0.142 20
49 105 551 0 459 48 0.03 0.142 20
49 105 552 0 462 142 0.71 0.142 20
49 212 553 0 480 3 -0.36 0.142 6
49 212 554 0 503 77 -0.03 0.142 6
49 212 555 0 458 66 -0.23 0.142 6
49 212 556 0 459 92 1.84 0.142 6
50 25 557 0 521 2 0.06 0.044 6
50 25 558 1 507 70 -0.41 0.044 6
50 25 559 0 506 63 1.23 0.044 6
50 25 560 1 502 13 -0.28 0.044 6
50 127 561 0 477 46 -0.01 0.044 18
50 127 562 0 470 85 -0.64 0.044 18
50 127 563 1 506 31 -0.6 0.044 18
50 289 564 0 553 20 1.23 0.044 7
50 289 565 1 469 26 0.97 0.044 7
50 289 566 1 483 95 -0.22 0.044 7
50 289 567 0 479 26 -0.4 0.044 7
50 289 568 0 494 50 -0.02 0.044 7
51 59 569 1 472 62 -0.03 0.096 15
51 59 570 1 420 84 -0.09 0.096 15
51 59 571 0 454 35 0.2 0.096 15
51 59 572 0 495 45 -1.05 0.096 15
52 255 573 1 521 48 0.82 0.138 7
52 255 574 0 524 65 1.16 0.138 7
52 255 575 1 521 43 0.92 0.138 7
52 255 576 1 496 32 0.63 0.138 7
52 255 577 0 498 49 0.49 0.138 7
52 255 578 1 462 61 0.4 0.138 7
52 270 579 1 422 35 -1.03 0.138 30
52 270 580 0 428 30 -1.51 0.138 30
52 270 581 1 434 15 -0.53 0.138 30
53 14 582 1 489 47 -0.03 0.101 27
53 14 583 1 434 65 -0.51 0.101 27
53 14 584 1 394 112 -0.03 0.101 27
53 14 585 0 488 142 -0.28 0.101 27
53 149 586 1 512 14 -0.99 0.101 32
53 149 587 0 520 46 -0.2 0.101 32
53 149 588 0 491 61 -0.03 0.101 32
53 149 589 1 460 91 -0.05 0.101 32
54 259 590 0 471 48 0.06 0.137 5
54 259 591 0 516 29 2.04 0.137 5
54 259 592 0 510 31 1.86 0.137 5
54 259 593 0 457 60 0.12 0.137 5
54 259 594 0 504 54 1.79 0.137 5
54 259 595 0 544 23 1.79 0.137 5
54 259 596 1 506 5 -0.71 0.137 5
54 259 597 1 451 32 2.93 0.137 5
54 301 598 0 515 16 -0.33 0.137 2
54 301 599 0 504 64 0.12 0.137 2
55 24 600 1 497 20 -0.18 0.065 20
55 35 601 0 476 6 -0.62 0.065 24
55 35 602 1 525 55 -0.03 0.065 24
55 35 603 0 472 113 -1.28 0.065 24
55 35 604 0 427 67 1.09 0.065 24
55 117 605 1 446 62 0.45 0.065 2
55 117 606 1 465 59 0.09 0.065 2
55 117 607 0 498 46 0.17 0.065 2
55 117 608 0 495 36 -1.02 0.065 2
55 117 609 0 491 18 -0.32 0.065 2
55 117 610 1 463 54 -1.15 0.065 2
55 117 611 0 478 76 -0.8 0.065 2
55 117 612 1 415 84 -0.24 0.065 2
56 3 613 1 506 -4 -0.43 0.04 13
56 3 614 1 516 18 -0.26 0.04 13
56 3 615 0 456 33 -0.51 0.04 13
56 168 616 1 511 122 1.54 0.04 13
56 168 617 1 524 53 0.12 0.04 13
56 168 618 0 480 77 -0.37 0.04 13
56 168 619 0 521 26 0.07 0.04 13
56 168 620 0 505 55 0.38 0.04 13
56 168 621 0 482 85 0.02 0.04 13
56 168 622 0 470 56 -1.28 0.04 13
57 36 623 1 431 89 -0.96 0.289 33
57 40 624 0 349 132 -0.76 0.289 9
57 40 625 1 465 127 0.19 0.289 9
57 40 626 1 474 22 -0.86 0.289 9
57 171 627 1 435 69 -1.14 0.289 19
57 250 628 1 484 39 -0.05 0.289 22
57 250 629 0 498 52 -0.07 0.289 22
57 272 630 0 466 34 -1.15 0.289 1
58 12 631 0 456 36 0.32 0.101 28
58 12 632 1 480 62 0.55 0.101 28
58 12 633 0 451 51 -0.8 0.101 28
58 12 634 1 500 109 -0.28 0.101 28
58 12 635 1 533 -8 0.05 0.101 28
59 34 636 0 536 6 -0.85 0.362 5
59 108 637 1 506 41 0.01 0.362 8
59 108 638 0 455 54 0.27 0.362 8
59 108 639 0 540 79 -0.28 0.362 8
60 121 640 1 482 102 -0.03 0.243 5
60 121 641 0 493 122 -0.03 0.243 5
60 121 642 0 445 72 -0.03 0.243 5
60 121 643 1 432 36 -0.03 0.243 5
60 121 644 0 445 118 -0.68 0.243 5
60 121 645 0 415 79 -0.03 0.243 5
60 242 646 1 443 59 -0.03 0.243 5
60 242 647 1 428 78 -0.73 0.243 5
60 242 648 0 449 74 -0.07 0.243 5
60 242 649 0 492 79 -0.03 0.243 5
60 242 650 0 515 24 0.3 0.243 5
60 242 651 0 489 23 -0.03 0.243 5
60 242 652 1 470 94 -0.03 0.243 5
61 1 653 0 442 35 -0.09 0.335 2
61 1 654 0 422 109 -1.32 0.335 2
61 1 655 1 482 66 0.43 0.335 2
61 1 656 1 489 19 -0.06 0.335 2
61 1 657 0 460 10 -1.28 0.335 2
61 124 658 0 448 52 -0.03 0.335 1
61 192 659 1 449 15 -0.03 0.335 0
61 192 660 1 441 37 -1.35 0.335 0
61 267 661 1 503 22 -1.21 0.335 4
61 267 662 1 454 50 -1.06 0.335 4
61 267 663 0 456 62 -1.03 0.335 4
62 22 664 1 629 -84 2.33 0.17 13
62 22 665 1 501 179 2 0.17 13
62 22 666 0 589 11 2.43 0.17 13
62 22 667 0 524 65 0.46 0.17 13
62 22 668 1 466 78 3.16 0.17 13
62 22 669 1 502 41 0.46 0.17 13
62 22 670 1 532 55 1.06 0.17 13
62 22 671 0 500 57 0.08 0.17 13
62 46 672 1 527 37 2.06 0.17 32
62 46 673 0 496 61 3.21 0.17 32
62 46 674 1 596 23 0.73 0.17 32
62 46 675 0 499 112 1.81 0.17 32
62 46 676 0 419 67 1.22 0.17 32
63 310 677 1 474 17 0.04 0.072 24
63 310 678 0 510 84 -0.67 0.072 24
63 310 679 0 496 64 -0.55 0.072 24
64 38 680 0 432 76 -0.86 0.18 8
64 38 681 1 436 77 0.07 0.18 8
64 38 682 0 472 49 0.18 0.18 8
64 38 683 0 420 79 -0.69 0.18 8
64 38 684 1 447 97 0.75 0.18 8
64 38 685 0 463 40 -0.03 0.18 8
64 38 686 1 429 67 0.11 0.18 8
64 294 687 0 494 32 -0.02 0.18 4
64 294 688 1 449 95 -0.08 0.18 4
64 294 689 0 465 62 -0.03 0.18 4
65 95 690 1 466 17 -0.71 0.05 40
65 95 691 1 448 25 0.01 0.05 40
65 128 692 0 524 52 0.3 0.05 3
65 128 693 1 466 88 -0.63 0.05 3
65 128 694 0 521 76 1.29 0.05 3
65 128 695 1 408 69 -0.72 0.05 3
65 284 696 0 474 23 -0.45 0.05 2
65 284 697 1 521 65 -0.99 0.05 2
65 284 698 0 503 92 1.17 0.05 2
66 91 699 0 514 64 -0.03 0.509 29
66 91 700 1 478 56 -0.2 0.509 29
66 91 701 0 443 84 0.06 0.509 29
66 91 702 1 445 53 0.22 0.509 29
66 218 703 0 474 61 0.61 0.509 16
66 218 704 0 500 38 1.79 0.509 16
66 269 705 0 464 57 -0.62 0.509 29
66 269 706 0 506 66 -0.07 0.509 29
67 4 707 0 413 102 0.25 0.339 5
67 4 708 0 427 86 -0.12 0.339 5
67 4 709 0 482 66 -0.7 0.339 5
67 4 710 0 430 106 -0.53 0.339 5
67 4 711 1 441 79 -0.46 0.339 5
67 4 712 0 429 110 -0.75 0.339 5
67 73 713 1 401 107 0.05 0.339 17
67 73 714 1 513 55 0.06 0.339 17
67 73 715 1 437 82 -1.45 0.339 17
67 245 716 1 479 32 -0.71 0.339 18
67 245 717 0 431 57 -1.04 0.339 18
67 245 718 1 436 79 -0.03 0.339 18
68 57 719 1 542 36 -0.55 0.209 23
68 57 720 0 487 44 -1.24 0.209 23
68 57 721 0 501 39 -0.36 0.209 23
68 57 722 1 463 86 -0.83 0.209 23
68 244 723 1 290 214 -0.67 0.209 16
68 263 724 1 488 75 -0.57 0.209 7
68 263 725 1 508 29 -0.34 0.209 7
68 263 726 1 489 71 -0.71 0.209 7
68 271 727 0 491 29 -0.8 0.209 23
68 271 728 1 435 91 -0.57 0.209 23
68 271 729 1 414 93 -1.15 0.209 23
68 298 730 0 409 128 -0.96 0.209 26
68 298 731 1 490 52 -0.16 0.209 26
68 298 732 1 500 59 -0.16 0.209 26
68 298 733 1 473 79 -1.21 0.209 26
68 298 734 1 423 123 0.88 0.209 26
69 90 735 0 365 107 -0.03 0.523 0
69 90 736 1 443 66 -0.76 0.523 0
69 290 737 0 431 83 1.03 0.523 6
69 290 738 0 425 45 -0.64 0.523 6
69 290 739 1 456 22 0.55 0.523 6
70 83 740 0 484 96 -1.15 0.43 3
70 83 741 0 464 45 -1.19 0.43 3
70 83 742 1 509 53 -0.46 0.43 3
70 83 743 1 463 68 -1.45 0.43 3
70 83 744 0 400 107 -0.09 0.43 3
70 83 745 1 418 108 -1.15 0.43 3
70 83 746 1 403 117 -0.59 0.43 3
70 146 747 1 405 62 -0.36 0.43 5
70 146 748 0 428 145 0.11 0.43 5
70 146 749 0 496 63 0.16 0.43 5
70 152 750 1 471 45 -1.27 0.43 6
70 152 751 1 434 36 -1.25 0.43 6
70 152 752 1 447 69 -0.98 0.43 6
70 152 753 1 481 66 -1.45 0.43 6
70 152 754 0 368 218 -1.14 0.43 6
70 152 755 1 439 54 -0.49 0.43 6
70 261 756 0 468 68 -0.03 0.43 0
70 311 757 1 466 81 -1.02 0.43 3
70 311 758 0 514 32 -0.31 0.43 3
71 80 759 1 488 45 1.21 0.085 8
71 80 760 0 459 95 0.14 0.085 8
71 80 761 0 459 24 -0.03 0.085 8
71 80 762 0 551 10 1.16 0.085 8
71 80 763 0 500 68 1.09 0.085 8
71 80 764 0 455 60 -0.78 0.085 8
71 120 765 1 551 82 -0.19 0.085 31
71 120 766 0 485 80 -0.05 0.085 31
71 120 767 0 537 104 2.07 0.085 31
71 120 768 1 499 85 1.08 0.085 31
71 120 769 0 494 35 0.1 0.085 31
71 120 770 0 502 54 0.93 0.085 31
71 120 771 1 545 39 0.8 0.085 31
71 120 772 1 527 50 1.27 0.085 31
71 209 773 1 523 70 -0.69 0.085 3
71 209 774 1 517 80 0.16 0.085 3
71 264 775 1 561 34 0.91 0.085 5
71 264 776 1 452 49 2.06 0.085 5
71 264 777 1 477 1 0.02 0.085 5
71 264 778 0 480 43 -0.2 0.085 5
71 264 779 1 556 2 0.72 0.085 5
71 264 780 1 473 55 0.28 0.085 5
71 264 781 1 543 78 0.8 0.085 5
71 304 782 0 502 63 0.24 0.085 10
71 304 783 0 513 10 0.97 0.085 10
71 304 784 1 446 72 0.3 0.085 10
71 304 785 0 506 29 0.46 0.085 10
72 29 786 0 542 77 0.6 0.249 19
72 29 787 0 469 88 0.8 0.249 19
72 29 788 1 510 20 -0.38 0.249 19
72 148 789 0 523 28 -0.22 0.249 26
72 148 790 0 510 51 0.56 0.249 26
72 148 791 1 532 47 -0.37 0.249 26
72 148 792 1 498 37 0.37 0.249 26
72 243 793 1 524 113 1.95 0.249 4
72 243 794 1 520 16 0.69 0.249 4
72 243 795 1 488 53 0.27 0.249 4
72 243 796 0 478 28 0.62 0.249 4
73 213 797 1 489 70 -0.03 0.117 16
73 213 798 0 426 44 -0.72 0.117 16
73 213 799 0 442 28 -0.07 0.117 16
73 276 800 0 422 93 -0.55 0.117 18
73 276 801 0 466 46 -0.11 0.117 18
73 276 802 1 523 37 0.54 0.117 18
73 276 803 0 393 95 -0.84 0.117 18
73 276 804 0 436 51 0.17 0.117 18
73 276 805 1 435 11 -0.04 0.117 18
73 276 806 1 479 38 0.47 0.117 18
74 232 807 0 411 118 -0.61 0.202 34
74 232 808 0 496 -2 0.62 0.202 34
74 295 809 0 433 59 -0.98 0.202 34
75 39 810 1 490 60 -0.03 0.367 6
75 39 811 1 452 66 -0.88 0.367 6
75 42 812 0 510 147 -0.47 0.367 2
75 42 813 1 461 106 0.39 0.367 2
75 42 814 1 457 36 0.09 0.367 2
75 42 815 0 438 53 -1.52 0.367 2
75 42 816 1 486 57 -0.96 0.367 2
75 42 817 0 504 97 0.27 0.367 2
75 42 818 1 455 58 -0.86 0.367 2
75 42 819 1 436 116 -0.61 0.367 2
75 42 820 1 451 80 -1.08 0.367 2
75 42 821 1 508 58 -0.04 0.367 2
75 154 822 1 533 19 -0.09 0.367 2
75 154 823 1 476 110 0.02 0.367 2
75 181 824 1 396 78 -1.06 0.367 1
76 8 825 0 428 23 -1 0.161 8
76 8 826 0 482 58 0.81 0.161 8
76 8 827 0 523 25 0.46 0.161 8
76 8 828 1 505 -15 0.41 0.161 8
76 28 829 0 429 46 0.17 0.161 21
76 28 830 0 290 152 -0.45 0.161 21
76 28 831 1 485 62 -0.83 0.161 21
76 28 832 1 495 19 -0.22 0.161 21
76 28 833 1 470 13 0.04 0.161 21
76 136 834 0 456 38 0.16 0.161 29
76 136 835 0 474 58 0.03 0.161 29
76 136 836 0 480 -10 0.1 0.161 29
76 136 837 0 458 61 0.41 0.161 29
76 136 838 1 438 56 -0.35 0.161 29
76 136 839 0 449 69 0.19 0.161 29
76 277 840 1 455 73 -0.91 0.161 13
76 277 841 1 458 -3 -0.14 0.161 13
76 277 842 1 503 25 0.17 0.161 13
76 277 843 1 469 33 0.84 0.161 13
76 277 844 0 426 19 -0.23 0.161 13
76 277 845 1 451 60 0.63 0.161 13
76 277 846 1 437 35 0.07 0.161 13
76 287 847 0 485 50 -0.14 0.161 5
76 287 848 0 441 59 0.1 0.161 5
76 287 849 0 433 46 -0.32 0.161 5
76 287 850 1 439 61 0.45 0.161 5
76 287 851 0 417 75 -0.12 0.161 5
77 27 852 0 463 59 1.1 0.041 7
77 27 853 1 482 60 1.72 0.041 7
77 27 854 0 469 72 1.04 0.041 7
77 27 855 0 450 17 0.72 0.041 7
77 27 856 1 453 52 0.2 0.041 7
77 27 857 1 522 52 0.08 0.041 7
77 53 858 1 468 58 0.69 0.041 12.54
77 53 859 0 458 125 1.6 0.041 12.54
77 53 860 1 514 5 0.56 0.041 12.54
77 53 861 0 427 71 -0.03 0.041 12.54
77 53 862 1 501 56 1.11 0.041 12.54
77 189 863 1 471 57 -0.32 0.041 29
77 189 864 1 515 28 1.42 0.041 29
77 189 865 0 431 101 0.22 0.041 29
77 189 866 0 500 44 1.27 0.041 29
77 189 867 0 477 27 -0.09 0.041 29
77 189 868 1 489 64 1 0.041 29
77 189 869 1 484 65 0.27 0.041 29
77 189 870 1 475 49 1.29 0.041 29
77 189 871 0 514 67 1.06 0.041 29
77 305 872 0 493 33 0.55 0.041 5
77 305 873 0 514 31 0.82 0.041 5
77 305 874 1 497 81 1.29 0.041 5
77 305 875 0 510 57 -0.09 0.041 5
78 13 876 0 474 56 -0.03 0.407 13
78 13 877 0 478 12 -0.03 0.407 13
78 13 878 1 482 49 0.81 0.407 13
78 13 879 0 463 24 0.01 0.407 13
78 13 880 0 461 75 -0.21 0.407 13
78 13 881 0 512 25 -0.61 0.407 13
78 13 882 1 439 77 -0.94 0.407 13
78 13 883 1 473 6 0.06 0.407 13
78 13 884 0 435 26 -1.29 0.407 13
78 111 885 0 419 85 -1.06 0.407 2
78 111 886 1 430 30 -0.46 0.407 2
78 111 887 1 476 13 -0.47 0.407 2
78 183 888 1 472 40 -1.09 0.407 0
78 183 889 0 427 11 -0.03 0.407 0
78 183 890 1 488 2 -0.03 0.407 0
79 23 891 1 436 50 -1.21 0.351 4
79 112 892 1 462 43 1.57 0.351 2
79 112 893 1 401 74 -0.22 0.351 2
79 253 894 1 468 31 0.36 0.351 2
79 253 895 1 451 87 1.33 0.351 2
79 253 896 1 531 24 0.92 0.351 2
79 253 897 0 438 139 0.11 0.351 2
79 253 898 1 467 49 -0.13 0.351 2
79 253 899 0 506 24 1.13 0.351 2
79 253 900 1 457 96 -0.17 0.351 2
79 253 901 1 402 55 -1.26 0.351 2
79 253 902 0 473 92 0.18 0.351 2
80 222 903 1 432 110 0.51 0.19 9
80 222 904 0 433 73 -0.94 0.19 9
80 222 905 1 484 69 -0.37 0.19 9
80 222 906 1 457 101 -0.08 0.19 9
80 308 907 0 449 52 -0.51 0.19 13
80 308 908 0 481 74 -0.14 0.19 13
80 308 909 1 466 43 -0.37 0.19 13
81 116 910 1 461 74 -0.66 0.21 11
81 116 911 1 447 102 -0.51 0.21 11
81 174 912 1 474 90 0.04 0.21 11
81 174 913 0 430 74 -0.03 0.21 11
81 174 914 1 452 44 -0.67 0.21 11
81 174 915 1 428 53 -0.42 0.21 11
81 174 916 0 452 66 -0.73 0.21 11
81 174 917 1 485 40 -0.78 0.21 11
81 174 918 1 458 48 -0.44 0.21 11
82 164 919 0 443 60 -0.33 0.103 7
82 164 920 0 407 79 -0.33 0.103 7
82 164 921 0 424 93 0.93 0.103 7
82 164 922 0 463 23 0.53 0.103 7
82 164 923 0 499 26 0.51 0.103 7
82 169 924 0 432 80 -0.21 0.103 20
82 169 925 1 479 109 0.71 0.103 20
82 169 926 0 443 86 1.11 0.103 20
82 169 927 1 444 26 -0.27 0.103 20
82 169 928 1 513 51 0.95 0.103 20
82 169 929 1 484 48 1.28 0.103 20
82 184 930 0 353 46 -1.17 0.103 1
82 184 931 0 450 49 1.57 0.103 1
82 184 932 0 472 55 0.52 0.103 1
82 184 933 0 441 39 1.53 0.103 1
82 184 934 0 487 36 0.01 0.103 1
82 225 935 1 450 30 -0.27 0.103 3
82 225 936 1 431 66 -0.08 0.103 3
82 225 937 0 450 74 0.26 0.103 3
83 165 938 1 437 55 0.11 0.141 11
83 165 939 1 529 77 -1.15 0.141 11
83 165 940 1 423 93 -0.44 0.141 11
83 165 941 1 480 60 -0.36 0.141 11
83 165 942 1 498 40 -0.4 0.141 11
83 165 943 0 512 76 1.8 0.141 11
83 235 944 1 466 22 -1.31 0.141 10
83 235 945 0 447 10 -0.54 0.141 10
83 235 946 1 492 74 -0.24 0.141 10
83 235 947 0 492 45 0.01 0.141 10
83 235 948 1 467 67 0.27 0.141 10
83 235 949 0 476 54 0.38 0.141 10
84 76 950 0 398 86 -0.06 0.255 2
84 76 951 1 407 60 -1.26 0.255 2
84 76 952 1 430 96 -0.03 0.255 2
84 76 953 1 471 58 -0.31 0.255 2
84 143 954 1 449 42 -0.72 0.255 2
84 143 955 1 406 107 -0.93 0.255 2
84 143 956 1 459 129 0.02 0.255 2
84 143 957 0 436 75 -0.05 0.255 2
84 143 958 1 430 84 -0.81 0.255 2
84 143 959 0 418 85 -0.99 0.255 2
84 161 960 1 392 108 -0.59 0.255 1
84 161 961 0 484 28 -0.45 0.255 1
84 161 962 0 418 88 -1.02 0.255 1
84 161 963 1 427 96 -0.71 0.255 1
85 66 964 0 520 29 0.33 0.107 28
85 66 965 1 561 -13 1.72 0.107 28
85 66 966 0 473 66 -0.38 0.107 28
85 66 967 0 513 25 0.68 0.107 28
85 66 968 0 517 44 0.96 0.107 28
85 66 969 1 523 79 -0.11 0.107 28
85 84 970 1 514 65 -0.74 0.107 23
85 157 971 0 527 59 -0.11 0.107 30
85 157 972 0 458 99 0.98 0.107 30
85 157 973 1 516 13 0.15 0.107 30
85 157 974 1 526 79 0.7 0.107 30
85 186 975 0 510 -4 -1.21 0.107 1
85 186 976 1 509 17 0.01 0.107 1
85 186 977 1 502 55 -0.76 0.107 1
85 186 978 0 496 -10 -0.64 0.107 1
85 186 979 1 389 136 -0.18 0.107 1
85 186 980 0 532 30 0.29 0.107 1
85 196 981 1 547 133 0.28 0.107 16
85 196 982 1 515 96 0.72 0.107 16
85 196 983 0 448 58 0.12 0.107 16
86 65 984 0 525 20 0.26 0.537 16
86 132 985 0 431 -28 0.56 0.537 2
86 132 986 0 453 63 -0.11 0.537 2
86 132 987 1 465 41 -0.12 0.537 2
86 275 988 0 446 52 1.27 0.537 9
86 275 989 1 468 42 0.87 0.537 9
86 275 990 0 441 51 -0.25 0.537 9
87 21 991 0 477 67 -0.03 0.306 1
87 21 992 0 486 42 -0.61 0.306 1
87 21 993 0 499 35 -0.03 0.306 1
87 21 994 0 471 52 -0.03 0.306 1
87 72 995 1 531 17 -0.67 0.306 1
87 72 996 1 494 57 -0.33 0.306 1
87 72 997 0 497 63 -1.29 0.306 1
87 106 998 0 537 2 -0.62 0.306 21
87 106 999 1 482 46 0.51 0.306 21
87 187 1000 1 446 77 -0.86 0.306 4
88 67 1001 1 460 2 -1.48 0.546 8
88 67 1002 1 488 40 -1.02 0.546 8
88 312 1003 1 451 18 -0.03 0.546 5
88 312 1004 0 421 52 0.6 0.546 5
88 312 1005 1 374 69 0.66 0.546 5
88 312 1006 1 428 51 -0.48 0.546 5
89 292 1007 1 513 39 0.76 0.092 1
89 292 1008 0 491 11 -0.25 0.092 1
89 292 1009 1 427 80 -0.38 0.092 1
89 292 1010 0 524 69 1.11 0.092 1
90 52 1011 1 453 34 -0.24 0.259 13
90 52 1012 0 506 -13 -0.13 0.259 13
90 238 1013 0 424 130 0.01 0.259 27
91 15 1014 1 495 34 0.64 0.047 12.54
91 45 1015 1 454 32 0.18 0.047 10
91 45 1016 1 462 39 0.5 0.047 10
91 45 1017 0 517 30 0.42 0.047 10
91 45 1018 0 448 39 2.02 0.047 10
91 45 1019 0 489 -18 1 0.047 10
91 151 1020 1 423 102 0.11 0.047 10
91 151 1021 0 461 53 -0.06 0.047 10
91 231 1022 0 435 42 -0.62 0.047 9
91 231 1023 1 422 85 -0.03 0.047 9
91 231 1024 1 473 70 -0.36 0.047 9
91 231 1025 0 477 43 -0.3 0.047 9
91 231 1026 0 536 46 1.08 0.047 9
91 231 1027 1 429 54 1.12 0.047 9
91 231 1028 1 424 66 0.7 0.047 9
91 231 1029 0 446 58 -0.05 0.047 9
92 173 1030 1 485 48 0.05 0.114 3
92 173 1031 1 473 60 0.17 0.114 3
92 199 1032 1 448 34 0.72 0.114 14
92 248 1033 0 569 93 0.91 0.114 33
92 248 1034 1 460 45 -0.14 0.114 33
92 248 1035 0 433 67 0 0.114 33
92 248 1036 1 438 75 -0.03 0.114 33
92 248 1037 0 477 58 0.02 0.114 33
92 248 1038 1 443 97 -0.14 0.114 33
93 123 1039 1 483 63 0.65 0.068 26
93 123 1040 0 476 31 0.54 0.068 26
93 123 1041 0 542 58 0.11 0.068 26
93 123 1042 1 495 37 0.36 0.068 26
93 123 1043 0 492 54 1.28 0.068 26
93 123 1044 0 502 30 0.08 0.068 26
93 123 1045 1 524 34 0.41 0.068 26
93 123 1046 1 465 51 -1.35 0.068 26
93 126 1047 0 532 -6 -0.03 0.068 10
93 126 1048 0 534 28 -0.03 0.068 10
93 126 1049 1 468 43 0.62 0.068 10
93 126 1050 0 489 14 0.02 0.068 10
93 126 1051 0 482 48 0.41 0.068 10
93 126 1052 0 493 28 0.67 0.068 10
93 182 1053 1 460 72 0.69 0.068 10
93 182 1054 1 480 51 0.08 0.068 10
93 182 1055 1 499 78 0.02 0.068 10
93 182 1056 1 531 59 0.42 0.068 10
93 182 1057 0 509 34 0 0.068 10
93 194 1058 1 517 42 0.01 0.068 12.54
93 194 1059 1 532 30 -0.13 0.068 12.54
94 134 1060 0 471 83 -0.08 0.127 8
94 134 1061 1 464 92 0.44 0.127 8
94 134 1062 1 485 97 0.13 0.127 8
94 134 1063 0 470 125 0.55 0.127 8
94 224 1064 0 430 58 0.12 0.127 22
94 224 1065 0 478 44 0.33 0.127 22
94 224 1066 1 459 42 -0.03 0.127 22
94 224 1067 0 452 63 -0.87 0.127 22
94 224 1068 1 500 74 -0.05 0.127 22
94 282 1069 1 386 72 -0.25 0.127 18
94 282 1070 0 367 112 0.23 0.127 18
94 306 1071 1 426 109 -0.23 0.127 18
94 306 1072 1 410 121 0.61 0.127 18
94 306 1073 1 428 95 -0.25 0.127 18
94 306 1074 1 476 51 -1.06 0.127 18
95 140 1075 1 523 43 1.36 0.067 10
95 140 1076 1 488 51 0.73 0.067 10
95 144 1077 0 500 35 -0.33 0.067 2
95 144 1078 1 290 203 -0.32 0.067 2
95 144 1079 1 539 5 0.33 0.067 2
96 109 1080 1 447 43 -0.45 0.107 20
96 109 1081 0 427 70 -0.2 0.107 20
96 109 1082 1 453 40 0.35 0.107 20
96 109 1083 1 494 43 -0.45 0.107 20
96 185 1084 1 501 12 0.32 0.107 26
96 237 1085 0 463 53 0.15 0.107 0
96 237 1086 1 459 52 -0.23 0.107 0
96 237 1087 1 458 56 -0.65 0.107 0
97 75 1088 1 441 85 0.04 0.075 12
97 75 1089 0 421 108 -0.26 0.075 12
97 75 1090 1 498 98 0.5 0.075 12
97 75 1091 0 456 16 -1.09 0.075 12
97 75 1092 0 551 8 0.46 0.075 12
97 75 1093 0 458 80 0.94 0.075 12
98 221 1094 1 461 37 0.89 0.085 5
98 221 1095 0 398 61 -0.65 0.085 5
99 205 1096 1 390 89 -0.42 0.095 28
99 205 1097 0 463 72 -0.81 0.095 28
99 205 1098 0 479 78 -0.52 0.095 28
99 205 1099 0 505 45 -0.53 0.095 28
99 205 1100 1 440 49 0.18 0.095 28
99 205 1101 0 523 20 -0.03 0.095 28
99 205 1102 1 448 43 -0.15 0.095 28
99 205 1103 1 507 14 0.44 0.095 28
99 205 1104 1 413 89 -0.43 0.095 28
99 214 1105 1 385 24 -0.73 0.095 17
99 226 1106 1 448 45 -0.03 0.095 14
99 226 1107 0 449 72 -0.03 0.095 14
99 236 1108 0 428 114 -0.87 0.095 14
99 236 1109 0 431 47 -0.15 0.095 14
99 266 1110 1 419 53 -0.79 0.095 17
99 266 1111 0 452 17 -0.81 0.095 17
99 266 1112 0 472 51 -0.31 0.095 17
99 266 1113 1 474 41 -0.27 0.095 17
99 266 1114 0 470 24 -0.49 0.095 17
100 74 1115 0 456 10 -0.93 0.071 4
100 99 1116 1 438 58 0.72 0.071 25
100 135 1117 0 461 80 -0.39 0.071 18
100 135 1118 1 481 77 -0.11 0.071 18
100 135 1119 1 454 116 0.03 0.071 18
100 135 1120 1 499 82 -0.03 0.071 18
100 135 1121 1 513 28 -0.36 0.071 18
100 135 1122 0 488 51 -0.83 0.071 18
100 135 1123 1 456 69 -0.03 0.071 18
100 281 1124 1 476 41 -1.19 0.071 13
100 281 1125 1 483 86 -0.35 0.071 13
100 281 1126 0 504 35 1.37 0.071 13
100 281 1127 1 488 69 -0.9 0.071 13
101 68 1128 0 440 13 -0.93 0.064 4
101 68 1129 1 479 49 0.77 0.064 4
101 68 1130 0 494 87 -0.34 0.064 4
101 68 1131 0 532 0 0.34 0.064 4
101 138 1132 0 490 91 -0.64 0.064 2
101 138 1133 0 440 74 -0.03 0.064 2
101 138 1134 0 370 69 -0.63 0.064 2
101 138 1135 1 434 69 0.27 0.064 2
101 138 1136 1 429 88 -0.36 0.064 2
101 215 1137 0 483 38 0.94 0.064 0
101 215 1138 1 486 20 -0.17 0.064 0
101 273 1139 0 411 87 -0.42 0.064 31
101 273 1140 0 504 43 0.74 0.064 31
101 273 1141 0 484 74 0 0.064 31
101 273 1142 1 372 118 0.18 0.064 31
101 273 1143 0 458 105 -0.2 0.064 31
102 44 1144 1 490 3 1.32 0.126 34
102 44 1145 0 496 25 -1.19 0.126 34
102 44 1146 0 376 11 0.62 0.126 34
102 44 1147 1 490 54 -1.05 0.126 34
102 44 1148 1 462 75 -0.62 0.126 34
102 44 1149 0 412 55 0.7 0.126 34
102 241 1150 1 406 129 -0.49 0.126 3
102 241 1151 0 488 87 -0.34 0.126 3
102 241 1152 1 437 37 -0.17 0.126 3
102 241 1153 1 465 54 -0.72 0.126 3
102 241 1154 0 462 58 -0.18 0.126 3
103 37 1155 0 455 71 0.29 0.076 4
103 193 1156 0 431 107 -0.03 0.076 2
103 193 1157 0 458 55 1.81 0.076 2
103 247 1158 0 290 191 -0.52 0.076 5
103 247 1159 0 474 87 0.22 0.076 5
103 247 1160 1 453 95 0.18 0.076 5
103 247 1161 0 436 116 0.84 0.076 5
103 247 1162 1 421 77 0.95 0.076 5
104 60 1163 0 502 85 1.82 0.054 25
104 60 1164 0 423 51 -0.28 0.054 25
104 60 1165 1 451 61 -1.03 0.054 25
104 129 1166 0 403 138 0.98 0.054 36
104 129 1167 1 477 95 -0.03 0.054 36
104 129 1168 1 410 96 -0.49 0.054 36
105 33 1169 1 405 95 0.49 0.099 34
105 33 1170 0 449 32 1.73 0.099 34
105 33 1171 0 446 17 -0.26 0.099 34
105 33 1172 0 432 105 0.23 0.099 34
105 200 1173 1 461 73 2.33 0.099 9
105 200 1174 1 523 51 -0.69 0.099 9
105 200 1175 0 448 71 -0.13 0.099 9
105 200 1176 0 506 70 -0.03 0.099 9
105 200 1177 1 452 67 0.03 0.099 9
105 200 1178 1 478 33 0.33 0.099 9
106 62 1179 0 547 -4 -0.21 0.266 6
106 62 1180 0 506 23 -0.6 0.266 6
107 96 1181 1 421 38 -1.52 0.177 12
107 96 1182 1 448 57 0.4 0.177 12
107 96 1183 1 521 30 2.04 0.177 12
107 96 1184 1 443 85 0.98 0.177 12
107 96 1185 1 422 56 -0.24 0.177 12
107 96 1186 1 502 47 0.16 0.177 12
107 96 1187 1 474 19 -1.02 0.177 12
107 96 1188 0 485 37 1.3 0.177 12
107 239 1189 0 473 44 -0.03 0.177 25
107 239 1190 1 453 69 -0.37 0.177 25
